0.250000
0.333334
0.333334
0.250000
0.375000
0.333334
0.375000
0.333334
0.250000
0.333334
0.375000
0.250000
0.375000
0.250000
0.250000
0.375000
0.375000
0.333334
0.400000
0.333334
0.333334
0.416666
0.333334
0.416666
0.357143
0.333334
0.428571
0.333334
0.375000
0.375000
0.400000
0.428571
0.416666
0.337500
0.375000
0.400000
0.357143
0.416666
0.316666
0.312500
0.275000
0.333334
0.350000
0.257143
0.300000
0.344445
0.233333
0.416666
0.316666
0.309091
0.300000
0.333334
0.328572
0.275000
0.344445
0.309091
0.350000
0.437500
0.316666
0.384615
0.354545
0.312500
0.375000
0.354545
0.350000
0.346154
0.400000
0.337500
0.350000
0.358333
0.337500
0.350000
0.328572
0.337500
0.428571
0.428571
0.333334
0.357143
0.400000
0.400000
0.454545
0.428571
0.358333
0.450000
0.323077
0.358333
0.428571
0.444445
0.343750
0.428571
0.342106
0.437500
0.416666
0.341176
0.416666
0.358333
0.354545
0.333334
0.337500
0.428571
0.363637
0.406250
0.333333
0.354545
0.406250
0.406250
0.416666
0.306250
0.350000
0.388889
0.423077
0.394737
0.454545
0.370588
0.346154
0.366667
0.350000
0.388889
0.326087
0.311764
0.400000
0.358333
0.325000
0.366667
0.358333
0.364286
0.409091
0.382353
0.354545
0.366667
0.386363
0.450000
0.370588
0.316666
0.413044
0.350000
0.370588
0.368750
0.354545
0.416666
0.323077
0.416666
0.369565
0.347368
0.454545
0.400000
0.454545
0.361538
0.328572
0.421052
0.464286
0.333333
0.370588
0.372222
0.400000
0.361538
0.361538
0.444445
0.373684
0.364286
0.441176
0.354545
0.366667
0.433333
0.416666
0.428571
0.368750
0.386363
0.344445
0.361538
0.437500
0.441176
0.464286
0.341176
0.458333
0.344828
0.400000
0.375000
0.358333
0.328572
0.468750
0.366667
0.337500
0.350000
0.450000
0.413044
0.428571
0.409091
0.364286
0.370588
0.373684
0.400000
0.337500
0.441176
0.437500
0.375000
0.358333
0.370588
0.441176
0.376190
0.360000
0.325000
0.464286
0.316666
0.364286
0.406250
0.364286
0.369565
0.347368
0.464286
0.366667
0.456522
0.425926
0.416666
0.452381
0.391304
0.361538
0.444445
0.376190
0.452381
0.334782
0.344445
0.372222
0.378261
0.358333
0.343750
0.416666
0.458333
0.357143
0.392857
0.450000
0.333333
0.366667
0.364286
0.350000
0.364286
0.403846
0.337500
0.328572
0.350000
0.437500
0.440000
0.380769
0.368750
0.434783
0.377273
0.464286
0.472222
0.325926
0.420000
0.328572
0.368750
0.358333
0.350000
0.358333
0.440000
0.373684
0.411764
0.441176
0.372222
0.428571
0.437500
0.364286
0.423077
0.344445
0.413044
0.343750
0.333333
0.321052
0.364286
0.376190
0.356522
0.376190
0.347368
0.370588
0.316666
0.373684
0.444445
0.434783
0.368750
0.377273
0.376190
0.454545
0.340000
0.444445
0.354545
0.410714
0.347368
0.403846
0.364286
0.433333
0.403846
0.413044
0.403226
0.416666
0.433333
0.347368
0.375000
0.444445
0.428571
0.366667
0.354545
0.373684
0.403226
0.360000
0.396552
0.441176
0.373684
0.320000
0.333333
0.413044
0.316666
0.375000
0.325926
0.409091
0.370588
0.397059
0.379167
0.358974
0.423077
0.356522
0.354545
0.372222
0.437500
0.347368
0.368750
0.364286
0.331818
0.378261
0.387097
0.414285
0.356522
0.344445
0.377273
0.353658
0.433333
0.441176
0.413793
0.444445
0.368750
0.278788
0.353125
0.421875
0.472222
0.394737
0.376190
0.380769
0.437500
0.419355
0.380000
0.372222
0.350000
0.334782
0.340000
0.358333
0.354545
0.344445
0.447369
0.316666
0.358333
0.431818
0.334782
0.464286
0.364286
0.373684
0.447369
0.379167
0.316666
0.426470
0.428571
0.377273
0.384375
0.458333
0.375000
0.450000
0.368750
0.380769
0.382143
0.325926
0.431818
0.365517
0.437500
0.420000
0.453125
0.350000
0.464286
0.352272
0.342307
0.346429
0.402778
0.478261
0.360000
0.440000
0.378261
0.423077
0.364286
0.360000
0.328572
0.352381
0.465517
0.370588
0.472222
0.370588
0.426470
0.314285
0.371795
0.434783
0.428571
0.360000
0.407408
0.418919
0.451613
0.420000
0.428571
0.364286
0.344445
0.378261
0.380769
0.379167
0.406250
0.313044
0.477273
0.364286
0.405405
0.460000
0.362963
0.356522
0.382143
0.440000
0.416666
0.458333
0.416666
0.405405
0.435484
0.365517
0.361538
0.379167
0.381482
0.344445
0.400000
0.397059
0.431818
0.447369
0.348276
0.352381
0.350000
0.382143
0.367742
0.358333
0.453125
0.464286
0.437500
0.368750
0.450000
0.416666
0.351613
0.380000
0.382143
0.431034
0.410257
0.467742
0.361538
0.316666
0.365517
0.446429
0.452381
0.431818
0.361538
0.434783
0.361538
0.391892
0.328572
0.348276
0.321875
0.402439
0.342307
0.400000
0.390244
0.405405
0.356522
0.353125
0.314634
0.361538
0.344445
0.360000
0.391304
0.431034
0.423077
0.384849
0.342307
0.362963
0.342307
0.403226
0.447369
0.381482
0.441176
0.346429
0.360000
0.431034
0.333333
0.331035
0.348276
0.468750
0.439394
0.337500
0.423077
0.368750
0.476191
0.421875
0.442857
0.311764
0.461538
0.469697
0.467742
0.372093
0.313044
0.442308
0.435484
0.446429
0.441176
0.341176
0.431818
0.340000
0.354545
0.424242
0.375000
0.420000
0.423077
0.379167
0.406977
0.409091
0.433333
0.440000
0.330233
0.444445
0.414634
0.348276
0.340000
0.364286
0.456522
0.334210
0.380000
0.420455
0.383721
0.448276
0.416666
0.430555
0.407408
0.328572
0.458333
0.381482
0.346429
0.337500
0.337500
0.406250
0.416666
0.423077
0.404255
0.358333
0.347368
0.404762
0.357143
0.437500
0.348276
0.356522
0.348276
0.425000
0.425926
0.351613
0.357143
0.459459
0.483333
0.357143
0.362963
0.444445
0.459459
0.473684
0.335484
0.366667
0.400000
0.451613
0.409091
0.430555
0.442857
0.456522
0.385294
0.445946
0.437500
0.421052
0.434210
0.367742
0.326470
0.435897
0.341176
0.382143
0.342307
0.381482
0.384849
0.365517
0.397728
0.384849
0.357143
0.353488
0.347368
0.441860
0.454545
0.423077
0.426470
0.442308
0.364286
0.402778
0.411111
0.420455
0.357143
0.382759
0.379167
0.402174
0.425926
0.330556
0.360526
0.335484
0.358333
0.365517
0.435897
0.460000
0.364286
0.355882
0.457143
0.442857
0.434783
0.321875
0.442857
0.360000
0.368750
0.375000
0.380769
0.421052
0.354545
0.434210
0.337500
0.321052
0.435484
0.375610
0.370588
0.414634
0.348718
0.380769
0.367742
0.384849
0.366667
0.437500
0.344445
0.365517
0.432432
0.343182
0.439394
0.435484
0.413044
0.333333
0.428571
0.320454
0.441176
0.434210
0.412500
0.425000
0.428571
0.369697
0.306976
0.442857
0.366667
0.447369
0.373684
0.385294
0.342857
0.365517
0.404762
0.362963
0.326470
0.416666
0.428571
0.416666
0.420455
0.373684
0.377273
0.428571
0.346429
0.424242
0.356522
0.372973
0.428571
0.416666
0.332433
0.406250
0.402174
0.465517
0.372222
0.454545
0.382759
0.416666
0.432432
0.355882
0.428571
0.367742
0.469697
0.321052
0.368750
0.328572
0.425000
0.348276
0.416666
0.426829
0.445946
0.435484
0.360526
0.348276
0.453125
0.384849
