0.776826
0.872514
0.875272
0.859891
0.821912
0.806652
0.836386
0.876934
0.8653
0.793042
0.836503
0.803292
0.91369
0.774268
0.78885
0.84035
0.863341
0.858771
0.94244
0.78043
0.80878
0.855772
0.890437
0.946329
0.795914
0.791081
0.841879
0.824101
0.852675
0.862264
0.902344
0.916742
0.921733
0.929215
0.935286
0.964765
0.816728
0.852051
0.850489
0.834801
0.787466
0.814382
0.787907
0.783097
0.822146
0.840976
0.834587
0.911103
0.940259
0.939766
0.797532
0.847988
0.83263
0.821835
0.847446
0.856385
0.890626
0.912976
0.907666
0.925181
0.852246
0.864535
0.893775
0.931387
0.915829
0.818011
0.826828
0.821456
0.946905
0.800437
0.837899
0.829863
0.834984
0.828637
0.86551
0.866676
0.864635
0.877031
0.904544
0.902433
0.927099
0.92286
0.922844
0.929081
0.906374
0.967094
0.968822
0.850041
0.853068
0.892068
0.897787
0.910575
0.9315
0.931218
0.955954
0.954244
0.895509
0.901457
0.916555
0.941052
0.885594
0.821498
0.83242
0.835057
0.870284
0.871687
0.872955
0.854747
0.894539
0.972905
0.972063
0.83563
0.925221
0.935918
0.936117
0.93999
0.958407
0.83626
0.83709
0.839199
0.862808
0.911289
0.937023
0.980422
0.802179
0.839706
0.870718
0.876275
0.873694
0.879948
0.895346
0.899898
0.898191
0.910891
0.956962
0.884971
0.911013
0.813246
0.8032
0.821936
0.814031
0.854835
0.841481
0.857991
0.902212
0.899723
0.931964
0.929794
0.930521
0.942214
0.96551
0.931908
0.972131
0.813816
0.847111
0.835729
0.859694
0.887195
0.864674
0.8709
0.901242
0.895051
0.881406
0.917995
0.912292
0.940505
0.945176
0.938748
0.951319
0.967796
0.968933
0.979375
0.857485
0.852354
0.896922
0.876653
0.901936
0.912375
0.920946
0.914137
0.936968
0.910058
0.914964
0.923518
0.953226
0.961354
0.963327
0.94878
0.966219
0.973664
0.829839
0.846719
0.854203
0.88153
0.889324
0.877625
0.892279
0.885209
0.910193
0.897203
0.967301
0.952662
0.89831
0.954817
0.834235
0.841382
0.803181
0.843837
0.869143
0.888297
0.886873
0.89395
0.893932
0.885619
0.910443
0.90447
0.893135
0.917277
0.921946
0.937756
0.916232
0.906831
0.90691
0.920029
0.937964
0.951967
0.977042
0.980191
0.964185
0.846778
0.866193
0.876805
0.895255
0.934542
0.970443
0.80305
0.855616
0.845824
0.860404
0.866407
0.886116
0.882937
0.896128
0.888274
0.896578
0.885817
0.905596
0.907268
0.876264
0.894509
0.897197
0.916237
0.910299
0.902686
0.89261
0.934979
0.906773
0.943526
0.951039
0.950023
0.94563
0.965194
0.959292
0.970468
0.969094
0.826351
0.83951
0.84477
0.856657
0.906382
0.923286
0.914718
0.931229
0.945106
0.948652
0.951377
0.822869
0.831006
0.843374
0.816799
0.856175
0.868939
0.905827
0.88846
0.920027
0.904699
0.984335
0.971495
0.987585
0.809923
0.848559
0.826722
0.858147
0.868041
0.886596
0.884205
0.866476
0.907868
0.916061
0.932927
0.932705
0.914836
0.917098
0.935489
0.926928
0.961188
0.966133
0.958618
0.94939
0.954497
0.974645
0.839044
0.86374
0.861328
0.901153
0.898486
0.964106
0.975034
0.977173
0.850144
0.81289
0.867099
0.846624
0.872691
0.878657
0.875471
0.884107
0.866746
0.912473
0.91494
0.908259
0.902654
0.912575
0.918232
0.918373
0.950329
0.945467
0.984553
0.846809
0.829517
0.816761
0.868842
0.876847
0.893652
0.896707
0.895743
0.912844
0.916736
0.918145
0.938248
0.940623
0.940253
0.959559
0.879613
0.902909
0.891038
0.897771
0.934849
0.945298
0.815978
0.83143
0.803534
0.86285
0.839595
0.850932
0.89711
0.866773
0.867986
0.891946
0.912436
0.908831
0.904171
0.915101
0.919812
0.913368
0.902675
0.930732
0.934907
0.922385
0.932556
0.937496
0.937104
0.957944
0.968026
0.938383
0.966915
0.930969
0.953145
0.945891
0.986784
0.871975
0.863078
0.899281
0.914529
0.925719
0.931481
0.948458
0.930205
0.971604
0.984919
0.975545
0.989146
0.813669
0.843333
0.821826
0.856384
0.858436
0.876202
0.857876
0.883717
0.902559
0.905914
0.901993
0.90547
0.927725
0.932324
0.965825
0.834673
0.846351
0.850972
0.81146
0.861153
0.837227
0.87004
0.890253
0.884517
0.865117
0.894745
0.89704
0.895972
0.906376
0.908842
0.900442
0.918759
0.921515
0.930836
0.927687
0.940486
0.956491
0.960212
0.976864
0.84792
0.848193
0.842555
0.848346
0.853254
0.87498
0.868807
0.859798
0.886543
0.919011
0.909308
0.917291
0.94471
0.934416
0.93821
0.95135
0.938944
0.954944
0.947157
0.982022
0.952084
0.814444
0.836787
0.838508
0.843096
0.833268
0.845933
0.860654
0.872225
0.893548
0.875392
0.917903
0.911771
0.934432
0.938828
0.942897
0.954074
0.96215
0.81099
0.811204
0.80927
0.817662
0.842825
0.860417
0.867053
0.883191
0.880656
0.93554
0.929113
0.918005
0.932993
0.940634
0.957539
0.944482
0.965577
0.932191
0.973153
0.969452
0.831061
0.829359
0.834358
0.860891
0.876099
0.843693
0.873703
0.891152
0.914064
0.902967
0.91441
0.898559
0.930493
0.9276
0.934927
0.911825
0.91221
0.951912
0.980469
0.851299
0.855102
0.838986
0.897882
0.889178
0.864608
0.900457
0.887511
0.924964
0.941895
0.934577
0.958403
0.972259
0.860436
0.876791
0.856771
0.878011
0.890097
0.891284
0.896754
0.911671
0.933658
0.945831
0.971782
0.987549
0.963394
0.982601
0.973314
0.850495
0.856724
0.840653
0.873708
0.873349
0.878036
0.896724
0.893503
0.918397
0.957828
0.816945
0.818847
0.852489
0.912497
0.928435
0.938707
0.953076
0.937294
0.943173
0.945994
0.97165
0.824567
0.829581
0.804185
0.872723
0.882634
0.861885
0.863046
0.895817
0.914595
0.92282
0.892448
0.909888
0.917406
0.935149
0.927867
0.947205
0.951065
0.965482
0.955688
0.972873
0.977742
0.989679
0.874568
0.880847
0.86235
0.890542
0.894363
0.903555
0.90126
0.913702
0.932024
0.888624
0.932777
0.921653
0.923962
0.921743
0.942951
0.978172
0.828552
0.838888
0.857814
0.874622
0.860991
0.870879
0.883332
0.880376
0.879966
0.881041
0.890849
0.899186
0.91288
0.895637
0.907455
0.922393
0.934185
0.944757
0.952734
0.969327
0.959506
0.823034
0.842627
0.851442
0.863425
0.848375
0.864393
0.852074
0.864854
0.888216
0.888647
0.883351
0.899189
0.91151
0.90988
0.904696
0.932434
0.932437
0.922452
0.914497
0.916726
0.922444
0.931376
0.946832
0.934375
0.960256
0.946174
0.968422
0.984302
0.821364
0.865632
0.889303
0.874284
0.871003
0.880645
0.881304
0.908459
0.963941
0.943737
0.98235
0.833657
0.837855
0.823606
0.859027
0.836439
0.864655
0.849876
0.85217
0.86461
0.876128
0.878193
0.886136
0.888234
0.892511
0.908805
0.912332
0.916289
0.920417
0.926404
0.931561
0.9416
0.960596
0.954522
0.953934
0.964709
0.963184
0.955448
0.965941
0.967612
0.978251
0.959099
0.97898
0.974532
0.970309
0.985421
0.839586
0.848195
0.840533
0.8782
0.857827
0.889016
0.881221
0.88971
0.875718
0.896818
0.911126
0.908533
0.914133
0.895146
0.931057
0.939011
0.948759