0.776826
0.872514
0.875272
0.859891
0.821912
0.806652
0.836386
0.876934
0.865300
0.793042
0.836503
0.803292
0.913690
0.774268
0.788850
0.840350
0.863341
0.858771
0.942440
0.780430
0.808780
0.855772
0.890437
0.946329
0.795914
0.791081
0.841879
0.824101
0.852675
0.862264
0.902344
0.816748
0.835286
0.864765
0.821969
0.845333
0.730879
0.858262
0.814382
0.774764
0.722146
0.742920
0.798164
0.832749
0.807558
0.748020
0.812266
0.863051
0.881885
0.839917
0.801433
0.824073
0.824212
0.816015
0.782313
0.769533
0.793775
0.821563
0.845670
0.849687
0.779049
0.827389
0.870807
0.839877
0.851887
0.793444
0.822606
0.741471
0.849825
0.762989
0.762738
0.779037
0.763818
0.777044
0.789456
0.809306
0.779474
0.839127
0.830967
0.879984
0.904939
0.830041
0.868869
0.850692
0.842113
0.896056
0.906219
0.849540
0.813046
0.828307
0.808103
0.852879
0.930531
0.867662
0.862485
0.881795
0.843158
0.805774
0.850148
0.860905
0.836443
0.758984
0.820618
0.836187
0.819231
0.851806
0.863775
0.835559
0.858639
0.887975
0.908737
0.806086
0.847533
0.883932
0.789946
0.839337
0.837758
0.737032
0.814477
0.760248
0.860334
0.826611
0.863682
0.881566
0.879435
0.754334
0.845432
0.835505
0.790557
0.798218
0.809881
0.853506
0.875013
0.864678
0.806607
0.852374
0.874171
0.733553
0.731972
0.722790
0.754867
0.755271
0.743951
0.778388
0.897364
0.894175
0.928730
0.832741
0.833529
0.931960
0.963702
0.859662
0.887033
0.738047
0.837415
0.764309
0.787256
0.882841
0.801217
0.817120
0.811132
0.817627
0.840550
0.830016
0.828963
0.854320
0.881109
0.821915
0.855093
0.862033
0.869233
0.892210
0.805832
0.813399
0.822462
0.797983
0.822458
0.820576
0.856399
0.846018
0.863352
0.869015
0.870886
0.827677
0.829839
0.829975
0.844850
0.849419
0.879628
0.882221
0.793045
0.781527
0.799280
0.854423
0.864025
0.795094
0.793413
0.803483
0.855015
0.882257
0.940484
0.820432
0.842897
0.849500
0.785626
0.773158
0.810282
0.777433
0.811181
0.819697
0.821946
0.829895
0.818596
0.816472
0.834519
0.820086
0.864665
0.864344
0.884035
0.875863
0.845069
0.856315
0.872898
0.879114
0.879940
0.836735
0.905400
0.937075
0.921889
0.802478
0.848161
0.844387
0.858089
0.865371
0.869030
0.784174
0.761279
0.777330
0.774205
0.783452
0.794179
0.807673
0.826506
0.826415
0.813007
0.837905
0.836078
0.841480
0.823310
0.822718
0.832978
0.854636
0.853013
0.812093
0.855686
0.849983
0.869212
0.846195
0.866147
0.881579
0.866628
0.830767
0.846153
0.863983
0.873944
0.795103
0.771173
0.816619
0.854592
0.836771
0.842291
0.837588
0.867340
0.868411
0.880115
0.867644
0.813788
0.807490
0.866295
0.881378
0.889693
0.845285
0.838210
0.834917
0.862543
0.893617
0.906303
0.928319
0.933869
0.870999
0.862939
0.853625
0.858505
0.836049
0.874148
0.801134
0.808139
0.836948
0.834438
0.856587
0.878119
0.866364
0.875601
0.863011
0.890240
0.872222
0.903613
0.925038
0.922753
0.932753
0.928246
0.848059
0.885041
0.870976
0.833882
0.892973
0.877016
0.922807
0.876126
0.806727
0.820398
0.824668
0.838613
0.824845
0.843074
0.855441
0.865981
0.856936
0.881581
0.851586
0.833327
0.856428
0.882737
0.908838
0.869133
0.904871
0.917232
0.910907
0.828194
0.863459
0.846800
0.828233
0.825605
0.865803
0.842483
0.892184
0.895264
0.891447
0.886532
0.913251
0.911053
0.902500
0.901611
0.805916
0.813783
0.812904
0.827570
0.930175
0.923867
0.841897
0.832685
0.834968
0.848425
0.852384
0.859918
0.856058
0.871094
0.846418
0.857228
0.814264
0.862837
0.872887
0.872481
0.846005
0.888333
0.829886
0.846011
0.867577
0.848859
0.853702
0.873831
0.870114
0.863659
0.878435
0.878547
0.886758
0.791657
0.836317
0.839237
0.829767
0.871261
0.765187
0.860898
0.913123
0.891780
0.909503
0.923641
0.916088
0.944451
0.951138
0.954400
0.972686
0.876035
0.866085
0.729553
0.814444
0.842719
0.857184
0.772319
0.851612
0.862047
0.887454
0.890449
0.895655
0.913869
0.906792
0.920759
0.825736
0.829090
0.809018
0.823326
0.855363
0.856086
0.839849
0.863093
0.874965
0.873590
0.890500
0.873942
0.814130
0.849238
0.835425
0.840417
0.856577
0.894744
0.921599
0.843545
0.861950
0.949778
0.933193
0.936168
0.859781
0.870015
0.877833
0.827931
0.829717
0.846677
0.845388
0.850319
0.853402
0.859676
0.861844
0.874466
0.873629
0.873567
0.894406
0.905922
0.909119
0.900186
0.893319
0.934124
0.939889
0.827746
0.848715
0.845018
0.858556
0.858387
0.884785
0.818172
0.830236
0.819159
0.839349
0.866094
0.861560
0.856089
0.874591
0.866720
0.865325
0.897149
0.820108
0.820046
0.817161
0.838773
0.834682
0.852517
0.827816
0.844891
0.841871
0.867586
0.850727
0.860216
0.853485
0.847185
0.869244
0.888729
0.844493
0.850359
0.863280
0.853998
0.771259
0.780658
0.791152
0.809897
0.801643
0.812881
0.808422
0.828114
0.832241
0.811800
0.828172
0.836618
0.868071
0.872667
0.886921
0.819036
0.836871
0.852246
0.864945
0.783250
0.786139
0.787869
0.799242
0.805634
0.814219
0.805931
0.827653
0.910766
0.920342
0.843516
0.929951
0.938658
0.855711
0.818709
0.841277
0.858885
0.857089
0.873391
0.873674
0.894282
0.893045
0.889824
0.913528
0.890177
0.879540
0.928684
0.939529
0.856752
0.861946
0.871678
0.828541
0.855990
0.848895
0.850953
0.859150
0.851115
0.857364
0.760641
0.762318
0.800741
0.902338
0.901484
0.934760
0.931829
0.838334
0.844172
0.862979
0.960730
0.867811
0.825348
0.757594
0.861176
0.873091
0.820970
0.828704
0.831350
0.843737
0.853348
0.843180
0.879717
0.812710
0.836329
0.820303
0.849025
0.864754
0.871504
0.884253
0.872385
0.872466
0.867301
0.779021
0.800478
0.790288
0.805967
0.808347
0.829582
0.815827
0.840645
0.857332
0.852244
0.927691
0.878622
0.869956
0.870891
0.872666
0.975721
0.769719
0.759030
0.761519
0.872701
0.785541
0.869667
0.789291
0.796935
0.816032
0.827703
0.830741
0.803654
0.814718
0.819472
0.833648
0.840008
0.862423
0.866754
0.866791
0.876464
0.830591
0.769096
0.772311
0.766817
0.772166
0.777378
0.788604
0.797687
0.803174
0.874557
0.817688
0.805151
0.818793
0.824674
0.827383
0.833684
0.846972
0.865776
0.864937
0.845401
0.860328
0.888560
0.843705
0.872158
0.866119
0.855618
0.880235
0.891691
0.886429
0.801173
0.804215
0.803095
0.799334
0.811785
0.811419
0.808603
0.821521
0.920404
0.912055
0.919484
0.822412
0.848504
0.825060
0.843225
0.860217
0.857722
0.883429
0.892622
0.878124
0.839609
0.818824
0.880933
0.869284
0.868060
0.880652
0.882754
0.842398
0.884324
0.834766
0.824590
0.837805
0.830129
0.847819
0.860659
0.862968
0.877128
0.892442
0.887098
0.885813
0.912416
0.919232
0.912332
0.925107
0.906690
0.922806
0.836100
0.826799
0.849805
0.856354
0.841600
0.868109
0.852636
0.854222
0.864724
0.853215
0.863280
0.873614
0.870507
0.881770
0.878286
0.882747
0.895613