0.250000
0.333334
0.333334
0.250000
0.375000
0.333334
0.375000
0.333334
0.250000
0.333334
0.375000
0.250000
0.375000
0.250000
0.250000
0.375000
0.375000
0.333334
0.400000
0.333334
0.333334
0.416666
0.333334
0.416666
0.357143
0.333334
0.428571
0.333334
0.375000
0.375000
0.400000
0.428571
0.437500
0.416666
0.416666
0.437500
0.400000
0.416666
0.400000
0.357143
0.357143
0.416666
0.350000
0.333334
0.375000
0.333334
0.312500
0.416666
0.375000
0.357143
0.375000
0.444445
0.400000
0.357143
0.400000
0.400000
0.444445
0.444445
0.400000
0.437500
0.437500
0.400000
0.450000
0.437500
0.388889
0.428571
0.444445
0.400000
0.423077
0.363637
0.428571
0.400000
0.400000
0.375000
0.444445
0.444445
0.392857
0.437500
0.416666
0.400000
0.458333
0.444445
0.437500
0.450000
0.375000
0.437500
0.428571
0.461538
0.444445
0.450000
0.444445
0.444445
0.458333
0.428571
0.416666
0.409091
0.433333
0.416666
0.416666
0.428571
0.388889
0.450000
0.428571
0.423077
0.458333
0.454545
0.441176
0.388889
0.437500
0.454545
0.437500
0.400000
0.464286
0.464286
0.461538
0.437500
0.416666
0.461538
0.423077
0.388889
0.406250
0.450000
0.409091
0.458333
0.400000
0.392857
0.444445
0.444445
0.423077
0.428571
0.464286
0.472222
0.464286
0.388889
0.416666
0.428571
0.458333
0.416666
0.384615
0.428571
0.394737
0.423077
0.382353
0.404762
0.466667
0.409091
0.466667
0.454545
0.421052
0.450000
0.468750
0.380953
0.433333
0.423077
0.437500
0.395834
0.450000
0.464286
0.400000
0.409091
0.473684
0.423077
0.375000
0.458333
0.441176
0.466667
0.464286
0.441176
0.421052
0.458333
0.458333
0.464286
0.468750
0.437500
0.468750
0.411764
0.454545
0.473684
0.454545
0.423077
0.470588
0.375000
0.380953
0.382353
0.450000
0.466667
0.468750
0.428571
0.431818
0.444445
0.450000
0.447369
0.421052
0.468750
0.464286
0.416666
0.450000
0.409091
0.454545
0.406250
0.468750
0.409091
0.470588
0.395834
0.461538
0.475000
0.375000
0.466667
0.423077
0.468750
0.464286
0.472222
0.461538
0.437500
0.468750
0.444445
0.409091
0.458333
0.466667
0.476191
0.420000
0.395834
0.392857
0.416666
0.437500
0.416666
0.476191
0.473684
0.421052
0.458333
0.472222
0.420000
0.391304
0.388889
0.444445
0.400000
0.468750
0.375000
0.406250
0.416666
0.458333
0.450000
0.473684
0.447369
0.464286
0.425926
0.472222
0.476191
0.392857
0.434783
0.421052
0.450000
0.428571
0.409091
0.383333
0.461538
0.384615
0.437500
0.452381
0.447369
0.431818
0.472222
0.444445
0.444445
0.437500
0.433333
0.428571
0.431818
0.404762
0.441176
0.450000
0.416666
0.390625
0.411764
0.406250
0.388889
0.450000
0.450000
0.480000
0.400000
0.425000
0.447369
0.475000
0.411764
0.477273
0.437500
0.476191
0.431818
0.468750
0.400000
0.473684
0.413044
0.475000
0.458333
0.444445
0.434783
0.383333
0.456522
0.468750
0.477273
0.458333
0.395834
0.394737
0.416666
0.386363
0.450000
0.452381
0.433333
0.400000
0.409091
0.456522
0.410714
0.456522
0.384615
0.433333
0.423077
0.447369
0.466667
0.464286
0.481482
0.375000
0.452381
0.388889
0.441176
0.442308
0.423077
0.437500
0.380000
0.466667
0.466667
0.421875
0.404762
0.416666
0.425000
0.407408
0.477273
0.458333
0.473684
0.477273
0.423077
0.375000
0.434783
0.452381
0.472222
0.477273
0.442308
0.475000
0.447369
0.421052
0.451613
0.441176
0.400000
0.423077
0.431818
0.441176
0.400000
0.380953
0.470588
0.375000
0.419355
0.441176
0.367647
0.464286
0.403226
0.428571
0.479167
0.400000
0.396552
0.431818
0.479167
0.466667
0.447369
0.462963
0.472222
0.452381
0.416666
0.452381
0.460000
0.425000
0.447369
0.446429
0.442308
0.468750
0.477273
0.400000
0.468750
0.375000
0.421052
0.400000
0.481482
0.482143
0.418919
0.477273
0.458333
0.458333
0.444445
0.458333
0.390625
0.441176
0.467742
0.441176
0.472222
0.395834
0.456522
0.388889
0.446429
0.444445
0.478261
0.425926
0.416666
0.456522
0.458333
0.448276
0.439394
0.419355
0.410714
0.413793
0.451613
0.470588
0.479167
0.364865
0.482759
0.421052
0.437500
0.476191
0.448276
0.395834
0.446429
0.451613
0.446429
0.461538
0.461538
0.428571
0.462963
0.437500
0.431818
0.375000
0.390625
0.416666
0.423077
0.447369
0.470588
0.461538
0.435484
0.430555
0.437500
0.481482
0.462963
0.437500
0.475000
0.464286
0.440000
0.416666
0.482143
0.437500
0.444445
0.454545
0.416666
0.446429
0.416666
0.477273
0.388889
0.406250
0.452381
0.454545
0.462963
0.435484
0.447369
0.466667
0.428571
0.466667
0.403226
0.446429
0.411764
0.433333
0.434783
0.413793
0.441176
0.441176
0.416666
0.410714
0.392857
0.409091
0.409091
0.407408
0.420000
0.441176
0.428571
0.456522
0.437500
0.403226
0.437500
0.450000
0.466667
0.430233
0.480000
0.386363
0.457143
0.437500
0.428571
0.406250
0.406250
0.471429
0.480000
0.392857
0.439394
0.448276
0.479167
0.428571
0.450000
0.404762
0.481482
0.470588
0.483333
0.421875
0.402778
0.450000
0.451613
0.454545
0.456522
0.413044
0.465517
0.437500
0.365853
0.441176
0.385715
0.452381
0.475000
0.426470
0.440000
0.467742
0.448276
0.461538
0.404255
0.450000
0.452381
0.431818
0.433333
0.434783
0.480000
0.400000
0.437500
0.471429
0.407408
0.454545
0.428571
0.467742
0.480000
0.397959
0.466667
0.416666
0.414634
0.433333
0.387097
0.424242
0.450000
0.430555
0.424242
0.444445
0.435897
0.468750
0.455882
0.482759
0.433333
0.435484
0.400000
0.447369
0.446429
0.435897
0.369565
0.482143
0.483333
0.430555
0.426829
0.444445
0.467742
0.482143
0.405405
0.439394
0.454545
0.467742
0.442308
0.472222
0.458333
0.473684
0.434210
0.470588
0.455882
0.476191
0.466667
0.455882
0.385715
0.437500
0.439394
0.455882
0.437500
0.451613
0.483333
0.364584
0.468750
0.435897
0.440000
0.425000
0.442857
0.464286
0.461538
0.430555
0.458333
0.469697
0.428571
0.453125
0.469697
0.455882
0.451219
0.431034
0.442857
0.455882
0.468750
0.407894
0.426829
0.428571
0.440000
0.448718
0.450000
0.484375
0.448276
0.428571
0.465517
0.462500
0.461538
0.420455
0.444445
0.397728
0.413044
0.464286
0.448718
0.423077
0.426829
0.456522
0.428571
0.411764
0.467742
0.467742
0.439394
0.418604
0.420455
0.428571
0.444445
0.465517
0.426470
0.466667
0.410714
0.428571
0.459459
0.411111
0.480000
0.483871
0.439394
0.425000
0.428571
0.413044
0.470588
0.474359
0.420455
0.468750
0.435897
0.440000
0.402439
0.484375
0.416666
0.482143
0.430555
0.423077
0.434210
0.435484
0.431034
0.416666
0.409091
0.418919
0.456522
0.454545
0.444445
0.431818
0.439394
0.440476
0.421052
0.450000
0.433333
0.424242
0.448276
0.444445
0.422222
0.448276
0.446429
0.466667
0.418604
0.457143
0.442308
0.428571
0.459459
0.445946
0.453125
0.416666
0.471429
0.395349
0.450000
0.421052
0.435484
0.395834
0.444445
0.477273
0.459459
0.462500
0.414894
0.447369
0.457143
0.454545
