0.250000
0.250000
0.250000
0.250000
0.250000
0.250000
0.300000
0.333334
0.250000
0.250000
0.250000
0.250000
0.285714
0.333334
0.250000
0.250000
0.250000
0.250000
0.250000
0.250000
0.250000
0.250000
0.250000
0.250000
0.250000
0.300000
0.250000
0.375000
0.375000
0.291666
0.300000
0.250000
0.333334
0.333334
0.285714
0.333334
0.285714
0.250000
0.250000
0.318182
0.250000
0.250000
0.333334
0.375000
0.250000
0.250000
0.250000
0.250000
0.285714
0.375000
0.250000
0.333334
0.300000
0.250000
0.250000
0.333334
0.312500
0.250000
0.250000
0.375000
0.400000
0.333334
0.250000
0.300000
0.250000
0.333334
0.277778
0.250000
0.333334
0.300000
0.281250
0.300000
0.375000
0.357143
0.250000
0.285714
0.312500
0.375000
0.272728
0.312500
0.250000
0.285714
0.333334
0.333334
0.250000
0.300000
0.250000
0.166666
0.300000
0.375000
0.312500
0.333334
0.291666
0.300000
0.333334
0.250000
0.300000
0.333334
0.333334
0.285714
0.285714
0.333334
0.285714
0.375000
0.333334
0.318182
0.277778
0.250000
0.277778
0.250000
0.375000
0.281250
0.300000
0.277778
0.250000
0.277778
0.291666
0.250000
0.312500
0.275000
0.291666
0.250000
0.375000
0.250000
0.333334
0.250000
0.291666
0.307693
0.375000
0.333334
0.333334
0.333334
0.300000
0.346154
0.272728
0.318182
0.333334
0.300000
0.250000
0.333334
0.333334
0.285714
0.291666
0.250000
0.357143
0.312500
0.250000
0.250000
0.250000
0.333334
0.428571
0.333334
0.305555
0.333334
0.285714
0.318182
0.300000
0.250000
0.269231
0.333334
0.312500
0.333334
0.321429
0.307693
0.300000
0.285714
0.428571
0.250000
0.346154
0.272728
0.300000
0.333334
0.361111
0.428571
0.150000
0.150000
0.333334
0.333334
0.388889
0.318182
0.450000
0.291666
0.269231
0.333334
0.375000
0.250000
0.312500
0.357143
0.300000
0.375000
0.321429
0.333334
0.300000
0.375000
0.300000
0.250000
0.333334
0.230769
0.333334
0.342106
0.363637
0.312500
0.333334
0.291666
0.300000
0.400000
0.333334
0.300000
0.357143
0.375000
0.307693
0.375000
0.250000
0.363637
0.333334
0.350000
0.307693
0.333334
0.300000
0.361111
0.428571
0.300000
0.357143
0.350000
0.388889
0.294118
0.400000
0.250000
0.300000
0.285714
0.318182
0.150000
0.312500
0.312500
0.250000
0.333334
0.333334
0.281250
0.325000
0.289473
0.250000
0.333334
0.343750
0.318182
0.428571
0.142857
0.400000
0.312500
0.400000
0.437500
0.318182
0.250000
0.416666
0.312500
0.357143
0.342106
0.333334
0.352941
0.277778
0.300000
0.350000
0.307693
0.333334
0.400000
0.357143
0.375000
0.350000
0.300000
0.305555
0.285714
0.384615
0.312500
0.340909
0.291666
0.250000
0.333334
0.363637
0.282609
0.285714
0.333334
0.333334
0.333334
0.428571
0.314815
0.285714
0.357143
0.333334
0.333334
0.333334
0.416666
0.333334
0.416666
0.357143
0.277778
0.333334
0.333334
0.300000
0.357143
0.350000
0.296296
0.323530
0.437500
0.318182
0.323530
0.318182
0.321429
0.280000
0.166666
0.320000
0.357143
0.309524
0.312500
0.323530
0.277778
0.321429
0.388889
0.312500
0.333334
0.409091
0.428571
0.400000
0.250000
0.384615
0.326923
0.304348
0.200000
0.400000
0.444445
0.291666
0.314815
0.285714
0.321429
0.300000
0.347826
0.322580
0.333334
0.366667
0.400000
0.315790
0.416666
0.343750
0.400000
0.333334
0.409091
0.333334
0.400000
0.363637
0.250000
0.272728
0.307693
0.285714
0.282609
0.294118
0.347826
0.333334
0.300000
0.295455
0.285714
0.366667
0.293103
0.351852
0.307693
0.290323
0.314815
0.340909
0.375000
0.214286
0.250000
0.323530
0.325000
0.291666
0.318182
0.375000
0.333334
0.340000
0.340000
0.300000
0.333334
0.416666
0.291666
0.375000
0.400000
0.344828
0.388889
0.300000
0.289473
0.333334
0.250000
0.375000
0.346154
0.333334
0.318182
0.375000
0.307693
0.357143
0.375000
0.250000
0.382353
0.296296
0.333334
0.293103
0.285714
0.346154
0.328125
0.346154
0.250000
0.400000
0.400000
0.343750
0.222222
0.321429
0.326923
0.428571
0.333334
0.300000
0.323530
0.400000
0.288462
0.333334
0.366667
0.342857
0.333334
0.346154
0.333334
0.281250
0.368421
0.250000
0.250000
0.312500
0.321429
0.363637
0.296875
0.300000
0.394737
0.328572
0.375000
0.285714
0.250000
0.264706
0.363637
0.326923
0.285714
0.343750
0.388889
0.250000
0.333334
0.437500
0.310811
0.363637
0.305555
0.303571
0.227272
0.363637
0.357143
0.352941
0.346154
0.333334
0.363637
0.333334
0.375000
0.342106
0.357143
0.316666
0.318182
0.337838
0.386363
0.357143
0.347826
0.354166
0.444445
0.328948
0.318182
0.384615
0.346154
0.312500
0.388889
0.333334
0.347826
0.333334
0.282609
0.312500
0.326923
0.300000
0.354839
0.343750
0.428571
0.309524
0.321429
0.409091
0.357143
0.400000
0.333334
0.333334
0.293103
0.333334
0.230769
0.312500
0.312500
0.357143
0.312500
0.361111
0.312500
0.250000
0.300000
0.290323
0.324325
0.333334
0.344828
0.358974
0.340000
0.283334
0.307693
0.312500
0.315790
0.166666
0.300000
0.350000
0.300000
0.338709
0.384615
0.315790
0.300000
0.388889
0.315790
0.416666
0.300000
0.400000
0.350000
0.333334
0.250000
0.342106
0.291666
0.375000
0.362069
0.338236
0.250000
0.437500
0.328572
0.392857
0.250000
0.388889
0.338709
0.333334
0.318182
0.350000
0.296296
0.285714
0.411764
0.354166
0.375000
0.433333
0.388889
0.382353
0.285714
0.318182
0.323530
0.250000
0.391304
0.423077
0.375000
0.319149
0.345238
0.294118
0.375000
0.382353
0.355263
0.325000
0.416666
0.323530
0.387097
0.338709
0.350000
0.333334
0.333334
0.312500
0.312500
0.351852
0.340909
0.363637
0.340909
0.428571
0.312500
0.337838
0.283334
0.316327
0.416666
0.333334
0.326087
0.272728
0.305555
0.371428
0.336956
0.378788
0.333334
0.328948
0.333334
0.384615
0.357143
0.318182
0.285714
0.355263
0.409091
0.400000
0.375000
0.333334
0.371428
0.312500
0.392857
0.325000
0.250000
0.250000
0.354166
0.380000
0.339286
0.404762
0.307693
0.357143
0.270834
0.372340
0.392857
0.357143
0.363637
0.250000
0.340909
0.326087
0.416666
0.363637
0.250000
0.364865
0.321429
0.328948
0.358974
0.346154
0.350000
0.353658
0.345238
0.395834
0.367347
0.339286
0.333334
0.388889
0.314815
0.350000
0.351852
0.333334
0.400000
0.340909
0.409091
0.357143
0.318182
0.320000
0.320000
0.307693
0.250000
0.277778
0.362745
0.350000
0.354839
0.345238
0.358490
0.363637
0.375000
0.333334
0.346154
0.384615
0.357143
0.296296
0.315218
0.409091
0.382353
0.321429
0.388889
0.365853
0.375000
0.300000
0.372093
0.333334
0.392857
0.321429
0.344444
0.343750
0.384615
0.350000
0.375000
0.250000
0.340425
0.307693
0.312500
0.354546
0.339286
0.384615
0.250000
0.337838
