0.760131
0.870903
0.877062
0.896336
0.771777
0.773343
0.785624
0.860346
0.829724
0.833377
0.78082
0.799994
0.839594
0.788712
0.773632
0.780183
0.787659
0.797559
0.798729
0.845512
0.871533
0.878482
0.766069
0.873104
0.896667
0.805224
0.85488
0.834766
0.885128
0.857983
0.916333
0.789764
0.907465
0.911666
0.837241
0.93095
0.760741
0.781787
0.791127
0.82394
0.864089
0.89671
0.791926
0.814068
0.769406
0.771642
0.776546
0.795115
0.859617
0.913085
0.891874
0.926406
0.796666
0.842469
0.843882
0.934337
0.792744
0.773715
0.795125
0.851951
0.875058
0.852345
0.824976
0.856051
0.86928
0.794441
0.810804
0.843244
0.881527
0.886664
0.882771
0.912903
0.803435
0.797676
0.756235
0.827897
0.870693
0.91774
0.87823
0.89675
0.790519
0.82329
0.85042
0.879574
0.854168
0.912127
0.894889
0.86559
0.903237
0.939908
0.797447
0.841055
0.838985
0.87238
0.924565
0.757314
0.808972
0.832336
0.834893
0.816391
0.883035
0.787315
0.771506
0.811827
0.80308
0.813118
0.802009
0.839412
0.854665
0.855165
0.911093
0.853063
0.874161
0.905727
0.821455
0.837191
0.880294
0.788465
0.818462
0.807233
0.777104
0.810733
0.862146
0.816376
0.862484
0.830368
0.854706
0.866654
0.902374
0.891235
0.892718
0.792133
0.805226
0.863226
0.852687
0.886178
0.932274
0.777004
0.789582
0.880206
0.883897
0.755903
0.76819
0.767795
0.849203
0.833642
0.813947
0.820959
0.850326
0.884051
0.93007
0.91976
0.780272
0.827709
0.823704
0.849091
0.886314
0.867807
0.752915
0.779672
0.772709
0.795055
0.801559
0.79725
0.798355
0.802588
0.861154
0.818271
0.922864
0.753401
0.76993
0.787831
0.825714
0.870504
0.7102
0.713046
0.851259
0.853671
0.865318
0.849348
0.934945
0.886213
0.889679
0.925359
0.943349
0.803066
0.831351
0.849759
0.845572
0.910635
0.897103
0.903364
0.913856
0.945384
0.916904
0.764265
0.800361
0.763001
0.807965
0.830277
0.852378
0.833051
0.846058
0.834484
0.86595
0.908674
0.889217
0.877856
0.900995
0.909494
0.91152
0.810403
0.764772
0.812494
0.815461
0.834953
0.821667
0.839984
0.847613
0.873301
0.911571
0.877988
0.90874
0.940547
0.83794
0.833168
0.952201
0.893572
0.769565
0.783179
0.806199
0.680234
0.837292
0.846795
0.828444
0.881248
0.887412
0.869308
0.895453
0.900061
0.888165
0.924073
0.93219
0.924924
0.973181
0.740157
0.884462
0.858678
0.9147
0.953711
0.912464
0.890181
0.959545
0.923469
0.787886
0.792931
0.795127
0.812813
0.793218
0.810742
0.831308
0.824137
0.836557
0.881667
0.880365
0.915858
0.923572
0.906863
0.914327
0.911982
0.832848
0.805397
0.843488
0.83033
0.818914
0.86269
0.886984
0.867092
0.882764
0.917052
0.778086
0.78294
0.850541
0.818251
0.813256
0.867437
0.872921
0.882804
0.895539
0.930442
0.897494
0.931718
0.909142
0.754907
0.779609
0.799804
0.787756
0.812263
0.812372
0.804342
0.817671
0.864464
0.845458
0.849981
0.850112
0.869387
0.85584
0.819197
0.88695
0.921203
0.903507
0.915677
0.925765
0.800038
0.835547
0.875682
0.862198
0.880822
0.917719
0.946437
0.936379
0.900169
0.798262
0.779718
0.774225
0.758941
0.848635
0.86757
0.841211
0.852954
0.8546
0.879809
0.881241
0.909237
0.904058
0.909532
0.924307
0.938784
0.906596
0.949293
0.921846
0.815314
0.799593
0.832213
0.847746
0.877386
0.864019
0.835308
0.848783
0.876682
0.869185
0.890483
0.898321
0.822053
0.848188
0.866238
0.871679
0.87041
0.914058
0.892954
0.789316
0.772818
0.768501
0.786108
0.79802
0.829235
0.768281
0.797781
0.837767
0.840713
0.830863
0.842933
0.880348
0.875747
0.892694
0.908142
0.917029
0.832794
0.873431
0.828123
0.863716
0.878756
0.85795
0.884334
0.856174
0.855953
0.874756
0.842855
0.903657
0.894653
0.893055
0.888777
0.92034
0.914773
0.938644
0.848571
0.82822
0.883936
0.859644
0.922636
0.770418
0.767724
0.809737
0.808361
0.87042
0.833824
0.916014
0.820586
0.804355
0.757134
0.799265
0.839592
0.884266
0.86237
0.860235
0.886425
0.91957
0.882635
0.915357
0.944809
0.787461
0.833286
0.857301
0.863898
0.8469
0.899627
0.860941
0.890664
0.917691
0.921616
0.80464
0.779684
0.782165
0.830252
0.805359
0.844442
0.828545
0.817534
0.833242
0.875419
0.881331
0.880038
0.917384
0.941482
0.892274
0.925913
0.96994
0.768139
0.828124
0.81498
0.816997
0.804498
0.861533
0.867398
0.873152
0.871917
0.890131
0.907164
0.8986
0.920499
0.911951
0.931159
0.918621
0.927824
0.783276
0.828726
0.824148
0.847421
0.866961
0.910783
0.870064
0.77721
0.820744
0.806314
0.810216
0.843824
0.866099
0.874283
0.869675
0.906678
0.922352
0.931748
0.794237
0.81739
0.81987
0.869831
0.824919
0.845117
0.884196
0.896656
0.916439
0.802367
0.809059
0.797591
0.815309
0.789692
0.834961
0.836192
0.858111
0.841472
0.864413
0.887547
0.879498
0.770014
0.812701
0.828366
0.837268
0.854161
0.863728
0.870399
0.852685
0.863755
0.869645
0.872198
0.822926
0.890906
0.927789
0.765027
0.781754
0.9227
0.917293
0.797218
0.866434
0.850718
0.901814
0.878459
0.926352
0.909086
0.906171
0.877886
0.915984
0.902137
0.806175
0.802441
0.799172
0.821328
0.906042
0.894496
0.922885
0.880751
0.822656
0.804927
0.805238
0.800344
0.817974
0.799325
0.798793
0.849821
0.860672
0.904659
0.935439
0.935044
0.933993
0.8977
0.913557
0.922335
0.742249
0.808791
0.849819
0.834402
0.834242
0.846244
0.858906
0.903826
0.926763
0.919717
0.922073
0.961469
0.925761
0.809228
0.800608
0.813396
0.83872
0.839964
0.840087
0.857953
0.885347
0.882274
0.908531
0.924368
0.962032
0.916878
0.790966
0.786692
0.803846
0.844065
0.824577
0.825133
0.805743
0.826777
0.8543
0.854696
0.872209
0.857898
0.858582
0.872125
0.895431
0.885593
0.872154
0.866818
0.904865
0.92763
0.952972
0.826649
0.832866
0.86864
0.848583
0.881476
0.881365
0.857815
0.862648
0.908755
0.926877
0.911838
0.938109
0.905419
0.940448
0.751853
0.809948
0.821638
0.808512
0.814069
0.773441
0.827145
0.823824
0.869286
0.856475
0.818494
0.875467
0.870319
0.892687
0.922362
0.928808
0.782019
0.801448
0.814496
0.879975
0.881312
0.889146
0.903561
0.934445
0.916498
0.788913
0.808428
0.80832
0.844131
0.823688
0.874103
0.882606
0.869723
0.875894
0.883085
0.879517
0.858978
0.888259
0.925208
0.928361
0.934787
0.931246
0.788748
0.802398
0.824926
0.810162
0.816215
0.838228
0.829687
0.81199
0.824717
0.863565
0.855673
0.837603
0.875754
0.871154
0.897372
0.876596
0.915084
0.909373
0.945111
0.78984
0.802277
0.817401
0.834952
0.840131
0.852824
0.80547
0.843979
0.857456
0.878992
0.9386
0.801924
0.825318
0.781344
0.824628