0.760131
0.870903
0.877062
0.896336
0.771777
0.773343
0.785624
0.860346
0.829724
0.833377
0.780820
0.799994
0.839594
0.788712
0.773632
0.780183
0.787659
0.797559
0.798729
0.845512
0.871533
0.878482
0.766069
0.873104
0.896667
0.805224
0.854880
0.834766
0.885128
0.857983
0.916333
0.789764
0.907465
0.911666
0.837241
0.930950
0.760741
0.781787
0.791127
0.823940
0.864089
0.896710
0.791926
0.814068
0.769406
0.771642
0.776546
0.795115
0.859617
0.913085
0.891874
0.926406
0.796666
0.842469
0.843882
0.934337
0.792744
0.773715
0.795125
0.851951
0.875058
0.852345
0.824976
0.856051
0.869280
0.794441
0.810804
0.843244
0.881527
0.886664
0.882752
0.912903
0.803435
0.797676
0.756235
0.827897
0.870693
0.917740
0.878230
0.896750
0.790519
0.823290
0.850420
0.879574
0.854168
0.912127
0.894889
0.865590
0.903237
0.939908
0.797447
0.841055
0.838985
0.872380
0.924565
0.757282
0.808953
0.832336
0.834855
0.816391
0.883035
0.787315
0.771506
0.811827
0.803080
0.787066
0.799373
0.820360
0.839412
0.854793
0.888499
0.811093
0.853063
0.874548
0.805727
0.821455
0.837191
0.780166
0.818462
0.807233
0.777098
0.744066
0.762280
0.816376
0.862484
0.830320
0.761641
0.866654
0.902342
0.891219
0.892702
0.792114
0.805226
0.858098
0.852687
0.886178
0.932268
0.777004
0.789582
0.880206
0.883897
0.751617
0.768190
0.767795
0.839680
0.833642
0.800959
0.758287
0.850326
0.870724
0.837349
0.769407
0.780272
0.827677
0.823672
0.849091
0.886314
0.867551
0.652934
0.767687
0.682312
0.790287
0.797679
0.698348
0.703888
0.748114
0.818367
0.789750
0.922864
0.653408
0.749930
0.779497
0.825714
0.865729
0.750412
0.768241
0.769762
0.842076
0.832275
0.769533
0.889823
0.703027
0.837869
0.828090
0.850572
0.810571
0.797327
0.803396
0.818856
0.845080
0.830237
0.789259
0.800361
0.807965
0.826768
0.756923
0.735723
0.762725
0.745090
0.765950
0.808242
0.755851
0.817850
0.778138
0.802463
0.908443
0.820403
0.764772
0.812494
0.807112
0.828277
0.715257
0.736650
0.773295
0.813825
0.757988
0.812549
0.833832
0.825241
0.807641
0.833168
0.846088
0.852201
0.893460
0.769565
0.788874
0.798926
0.680506
0.737260
0.750120
0.728758
0.778963
0.774211
0.804078
0.769289
0.791769
0.800061
0.788165
0.833603
0.834483
0.808762
0.862897
0.681184
0.895682
0.829485
0.753678
0.821367
0.852500
0.909478
0.890181
0.835528
0.848469
0.795029
0.796089
0.776176
0.712813
0.708422
0.805028
0.719880
0.717688
0.746080
0.781667
0.780365
0.813539
0.823572
0.886844
0.918421
0.812110
0.832848
0.805397
0.743488
0.724775
0.752183
0.765721
0.781530
0.767092
0.882764
0.808718
0.776597
0.850547
0.715396
0.708061
0.767287
0.779587
0.782804
0.812206
0.797449
0.831526
0.838764
0.915224
0.799453
0.778690
0.757710
0.707871
0.702471
0.792964
0.712471
0.713379
0.734996
0.804303
0.724586
0.859706
0.832471
0.752692
0.762914
0.855092
0.819261
0.783956
0.800004
0.822100
0.808973
0.824010
0.925624
0.700070
0.835547
0.783763
0.769301
0.880822
0.915485
0.850008
0.837581
0.833502
0.782282
0.777486
0.738501
0.761240
0.844544
0.851806
0.754600
0.779809
0.811599
0.824754
0.822759
0.814794
0.899681
0.848869
0.821951
0.809116
0.832629
0.864412
0.867018
0.772107
0.748770
0.762696
0.755986
0.791749
0.794960
0.822053
0.842109
0.779571
0.783932
0.811523
0.892954
0.771211
0.765714
0.797385
0.839235
0.837847
0.851097
0.842197
0.780348
0.767285
0.792656
0.808158
0.813676
0.744915
0.778193
0.730278
0.763678
0.761665
0.776687
0.788779
0.851100
0.868792
0.842807
0.887083
0.902900
0.795301
0.795132
0.813191
0.839224
0.830158
0.834249
0.848552
0.761554
0.780835
0.869697
0.817284
0.779843
0.767763
0.825122
0.808323
0.860562
0.906014
0.816141
0.808777
0.782390
0.799246
0.847284
0.874472
0.773568
0.791658
0.786655
0.784509
0.782635
0.820485
0.840078
0.783652
0.737046
0.711385
0.748469
0.757365
0.857665
0.764757
0.845061
0.796703
0.860935
0.790664
0.819018
0.802042
0.688207
0.795450
0.832357
0.807232
0.749985
0.828545
0.837681
0.832637
0.836146
0.876648
0.781331
0.778333
0.841482
0.792018
0.839234
0.869924
0.768030
0.724512
0.798641
0.819357
0.833550
0.856075
0.865818
0.878526
0.804127
0.902017
0.889699
0.829150
0.815189
0.826356
0.831303
0.825288
0.827824
0.779720
0.830702
0.820179
0.841605
0.864424
0.804290
0.871818
0.777210
0.816898
0.803852
0.818598
0.743872
0.764965
0.775605
0.783142
0.803635
0.819993
0.822937
0.717094
0.818873
0.719870
0.773402
0.824701
0.845117
0.786906
0.814272
0.783408
0.792465
0.821254
0.702931
0.811720
0.814051
0.853841
0.762218
0.763471
0.849838
0.853302
0.887547
0.777926
0.782133
0.717764
0.728347
0.733934
0.751880
0.758600
0.764834
0.752685
0.767903
0.881529
0.870898
0.722926
0.798179
0.841152
0.772811
0.779609
0.782285
0.824435
0.818848
0.816031
0.806926
0.857910
0.749364
0.885148
0.881498
0.816295
0.807637
0.913720
0.914270
0.798626
0.814892
0.807880
0.804178
0.797212
0.811881
0.819238
0.892479
0.802668
0.879395
0.830934
0.788751
0.785331
0.705859
0.785808
0.811538
0.826364
0.850128
0.857467
0.802028
0.835041
0.835044
0.833993
0.808615
0.813557
0.834132
0.742249
0.808785
0.834396
0.824663
0.831567
0.842975
0.855538
0.903832
0.833802
0.827833
0.822073
0.873702
0.832888
0.801062
0.800608
0.822114
0.838720
0.840108
0.829373
0.857953
0.882538
0.884006
0.808531
0.821337
0.865603
0.834735
0.804374
0.796482
0.784682
0.803846
0.842308
0.824497
0.818709
0.828029
0.834814
0.754300
0.751809
0.748931
0.766350
0.766349
0.762497
0.778976
0.796213
0.774942
0.772141
0.866780
0.801228
0.826490
0.838154
0.861245
0.831527
0.778141
0.786653
0.872088
0.862648
0.908755
0.826877
0.848932
0.807941
0.809615
0.842399
0.771972
0.826296
0.827097
0.815965
0.826442
0.793708
0.784539
0.827145
0.823728
0.771040
0.747240
0.818494
0.775081
0.787424
0.826141
0.828789
0.778585
0.804892
0.822742
0.773648
0.780181
0.789146
0.794292
0.895208
0.838890
0.816498
0.790849
0.809354
0.806416
0.846036
0.824167
0.864255
0.892690
0.874268
0.775875
0.785855
0.782238
0.772688
0.805148
0.824110
0.821695
0.828133
0.827996
0.787317
0.801087
0.830481
0.821085
0.822232
0.844776
0.814366
0.843915
0.770199
0.768402
0.757234
0.797372
0.779673
0.815084
0.822659
0.821335
0.804029
0.799282
0.826918
0.740872
0.849165
0.813163
0.845567
0.854379
0.887156
0.837503
0.797003
0.785742
0.737083
0.724628
0.745996
0.768644
0.841061
0.739638
0.771339
0.772727
0.872071
0.884396
0.817805
0.811930
0.807432
0.853964