0.250000
0.250000
0.250000
0.250000
0.250000
0.250000
0.300000
0.333334
0.250000
0.250000
0.250000
0.250000
0.285714
0.333334
0.250000
0.250000
0.250000
0.250000
0.250000
0.250000
0.250000
0.250000
0.250000
0.250000
0.250000
0.300000
0.250000
0.375000
0.375000
0.291666
0.300000
0.250000
0.333334
0.333334
0.285714
0.333334
0.285714
0.250000
0.250000
0.318182
0.250000
0.250000
0.333334
0.375000
0.250000
0.250000
0.250000
0.250000
0.285714
0.375000
0.250000
0.333334
0.300000
0.250000
0.250000
0.333334
0.312500
0.250000
0.250000
0.375000
0.400000
0.333334
0.250000
0.300000
0.250000
0.333334
0.277778
0.250000
0.333334
0.300000
0.281250
0.300000
0.375000
0.357143
0.250000
0.285714
0.312500
0.375000
0.272728
0.312500
0.250000
0.285714
0.333334
0.333334
0.250000
0.300000
0.250000
0.166666
0.300000
0.375000
0.312500
0.333334
0.291666
0.300000
0.333334
0.250000
0.300000
0.333334
0.333334
0.285714
0.285714
0.333334
0.285714
0.375000
0.333334
0.250000
0.277778
0.218182
0.250000
0.177778
0.333334
0.275000
0.281250
0.200000
0.177778
0.250000
0.277778
0.191666
0.312500
0.275000
0.291666
0.233333
0.375000
0.250000
0.333334
0.250000
0.207693
0.307693
0.375000
0.333334
0.333334
0.333334
0.300000
0.333334
0.272728
0.318182
0.333334
0.300000
0.250000
0.333334
0.333334
0.275000
0.291666
0.250000
0.333334
0.312500
0.200000
0.212500
0.250000
0.300000
0.344445
0.307693
0.305555
0.333334
0.285714
0.318182
0.300000
0.250000
0.269231
0.300000
0.233333
0.321429
0.307693
0.300000
0.300000
0.300000
0.250000
0.233333
0.346154
0.272728
0.250000
0.312500
0.361111
0.416666
0.233333
0.275000
0.300000
0.300000
0.344445
0.250000
0.269231
0.150000
0.233333
0.304348
0.312500
0.275000
0.221429
0.333334
0.212500
0.375000
0.233333
0.312500
0.233333
0.333334
0.233333
0.275000
0.312500
0.275000
0.318182
0.300000
0.300000
0.250000
0.300000
0.200000
0.257143
0.300000
0.300000
0.250000
0.263637
0.312500
0.233333
0.291666
0.225000
0.361111
0.337500
0.250000
0.266667
0.333334
0.257143
0.296296
0.294118
0.300000
0.300000
0.250000
0.300000
0.200000
0.300000
0.150000
0.212500
0.223530
0.250000
0.246154
0.215789
0.275000
0.181250
0.315790
0.289473
0.250000
0.257143
0.252941
0.177778
0.300000
0.150000
0.328572
0.250000
0.200000
0.316666
0.337500
0.309524
0.250000
0.257143
0.275000
0.375000
0.250000
0.285714
0.252941
0.315790
0.285714
0.221429
0.291666
0.257143
0.300000
0.257143
0.326087
0.350000
0.250000
0.315790
0.285714
0.284616
0.212500
0.340909
0.277778
0.333334
0.240909
0.250000
0.282609
0.285714
0.212500
0.233333
0.328572
0.307693
0.272728
0.357143
0.250000
0.233333
0.275000
0.333334
0.316666
0.328572
0.357143
0.288889
0.333334
0.277778
0.292857
0.240000
0.312500
0.257143
0.350000
0.300000
0.296296
0.243750
0.428571
0.285714
0.233333
0.305555
0.280000
0.166666
0.212500
0.305555
0.357143
0.218182
0.233333
0.323530
0.277778
0.321429
0.309091
0.233333
0.333334
0.409091
0.337500
0.400000
0.233333
0.333334
0.312500
0.275000
0.328572
0.300000
0.314815
0.285714
0.221429
0.247826
0.275000
0.266667
0.343750
0.300000
0.316666
0.316666
0.357143
0.309091
0.375000
0.275000
0.384615
0.272728
0.272728
0.250000
0.282609
0.285714
0.247826
0.218182
0.233333
0.226087
0.263637
0.293103
0.307693
0.290323
0.240909
0.300000
0.223530
0.350000
0.220000
0.275000
0.212500
0.240000
0.240000
0.291666
0.363637
0.328572
0.200000
0.275000
0.257143
0.288889
0.300000
0.281250
0.318182
0.250000
0.333334
0.266667
0.240909
0.333334
0.257143
0.300000
0.346154
0.246154
0.375000
0.233333
0.275000
0.321429
0.220000
0.316666
0.285714
0.284616
0.228125
0.321429
0.275000
0.288889
0.354839
0.185714
0.321429
0.246154
0.263637
0.233333
0.243750
0.323530
0.312500
0.288462
0.246154
0.354839
0.333334
0.275000
0.200000
0.275000
0.246154
0.325000
0.333334
0.281250
0.261111
0.250000
0.250000
0.312500
0.357143
0.318182
0.333334
0.300000
0.333334
0.288889
0.285714
0.200000
0.166667
0.269231
0.257143
0.326923
0.277778
0.288889
0.250000
0.266667
0.337500
0.210811
0.257143
0.264706
0.310345
0.300000
0.252941
0.257143
0.366667
0.268421
0.250000
0.312500
0.300000
0.350000
0.275000
0.257143
0.233333
0.318182
0.328948
0.291304
0.247222
0.333334
0.347826
0.328572
0.333334
0.318182
0.275000
0.240000
0.233333
0.288889
0.333334
0.354166
0.263637
0.275000
0.312500
0.307693
0.257143
0.354839
0.343750
0.337500
0.309524
0.321429
0.316666
0.292857
0.240909
0.300000
0.263637
0.206451
0.325000
0.291666
0.357143
0.275000
0.275000
0.333334
0.333334
0.312500
0.250000
0.321429
0.203030
0.324325
0.225000
0.239286
0.246154
0.326087
0.283334
0.318182
0.242106
0.212500
0.166666
0.218182
0.252941
0.319445
0.333334
0.321429
0.288889
0.215789
0.250000
0.281250
0.268421
0.212500
0.275000
0.307693
0.275000
0.250000
0.352941
0.242106
0.300000
0.323530
0.279311
0.366667
0.233333
0.329268
0.370588
0.323530
0.237500
0.250000
0.300000
0.291666
0.280000
0.328125
0.175000
0.333334
0.263637
0.311764
0.246154
0.368421
0.333333
0.288889
0.282353
0.315790
0.218182
0.252941
0.250000
0.291304
0.284616
0.357143
0.319149
0.337209
0.285714
0.275000
0.300000
0.278378
0.325000
0.347368
0.342106
0.266667
0.338709
0.271795
0.333334
0.333334
0.285714
0.312500
0.344828
0.245238
0.363637
0.333334
0.337500
0.257143
0.275000
0.251352
0.277778
0.316327
0.309091
0.333334
0.309524
0.325000
0.226087
0.271428
0.229787
0.219445
0.359375
0.255263
0.242106
0.257143
0.292857
0.333334
0.318182
0.285714
0.246154
0.300000
0.263637
0.352941
0.272728
0.284616
0.237500
0.285714
0.250000
0.354166
0.280000
0.331818
0.326923
0.218182
0.362069
0.318182
0.341176
0.306250
0.275000
0.294737
0.312500
0.277778
0.240909
0.326087
0.321052
0.340909
0.250000
0.333334
0.315790
0.268421
0.246154
0.241464
0.362500
0.265853
0.280000
0.364584
0.239286
0.243750
0.312500
0.300000
0.314815
0.254838
0.254166
0.328572
0.304762
0.242106
0.284616
0.382353
0.229545
0.320000
0.326923
0.314815
0.272728
0.320000
0.360000
0.333334
0.238236
0.237209
0.255769
0.267647
0.288889
0.257143
0.350000
0.300000
0.303571
0.337209
0.275000
0.358974
0.324325
0.275000
0.307693
0.372093
0.266667
0.260000
0.257143
0.336956
0.366667
0.251852
0.365853
0.269231
0.344444
0.300000
0.329787
0.251852
0.326923
0.266667
0.284616
0.337838
0.375000
0.275000
0.300000
0.190323
0.266667
0.257143
0.246154
0.350000
0.266667
0.348485
0.233333
0.291304
