0.250000
0.250000
0.250000
0.250000
0.250000
0.250000
0.250000
0.250000
0.250000
0.250000
0.250000
0.333334
0.250000
0.250000
0.250000
0.250000
0.333334
0.250000
0.250000
0.250000
0.300000
0.250000
0.250000
0.150000
0.150000
0.250000
0.250000
0.150000
0.250000
0.250000
0.285714
0.250000
0.250000
0.250000
0.250000
0.300000
0.250000
0.166666
0.312500
0.250000
0.250000
0.200000
0.312500
0.400000
0.250000
0.166666
0.428571
0.250000
0.250000
0.318182
0.307693
0.277778
0.300000
0.272728
0.250000
0.250000
0.250000
0.388889
0.250000
0.300000
0.294118
0.250000
0.250000
0.375000
0.289473
0.250000
0.333334
0.250000
0.285714
0.333334
0.250000
0.275000
0.250000
0.185714
0.250000
0.166666
0.150000
0.150000
0.185714
0.250000
0.250000
0.233333
0.250000
0.250000
0.250000
0.250000
0.250000
0.191666
0.282609
0.250000
0.166666
0.150000
0.250000
0.275000
0.250000
0.275000
0.280000
0.250000
0.250000
0.250000
0.250000
0.250000
0.250000
0.150000
0.150000
0.185714
0.277778
0.250000
0.250000
0.250000
0.250000
0.250000
0.275000
0.333334
0.277778
0.233333
0.250000
0.233333
0.333334
0.250000
0.250000
0.177778
0.200000
0.250000
0.250000
0.200000
0.150000
0.191666
0.233333
0.300000
0.300000
0.233333
0.250000
0.250000
0.288889
0.285714
0.250000
0.250000
0.212500
0.307693
0.233333
0.277778
0.250000
0.257143
0.218182
0.263158
0.263637
0.250000
0.333334
0.212500
0.312500
0.250000
0.250000
0.346154
0.200000
0.285714
0.300000
0.281250
0.212500
0.200000
0.166666
0.285714
0.177778
0.272728
0.221429
0.233333
0.277778
0.214286
0.212500
0.150000
0.312500
0.185714
0.307693
0.285714
0.250000
0.212500
0.275000
0.275000
0.291666
0.215789
0.200000
0.233333
0.281250
0.300000
0.200000
0.209524
0.243750
0.250000
0.318182
0.191666
0.285714
0.363637
0.177778
0.300000
0.266667
0.318182
0.333334
0.246154
0.281250
0.233333
0.225000
0.269231
0.207693
0.277778
0.275000
0.312500
0.250000
0.254166
0.300000
0.282609
0.220000
0.300000
0.291666
0.333334
0.312500
0.246154
0.321429
0.333334
0.240000
0.328572
0.296296
0.233333
0.239286
0.312500
0.218182
0.233333
0.275000
0.212500
0.275000
0.185714
0.264706
0.272728
0.218182
0.288889
0.300000
0.208824
0.216666
0.272728
0.269231
0.307693
0.233333
0.307693
0.193103
0.312500
0.191666
0.363637
0.288889
0.233333
0.294118
0.300000
0.305555
0.343750
0.250000
0.205555
0.285714
0.305555
0.212500
0.200000
0.300000
0.342106
0.333334
0.195455
0.288462
0.300000
0.343750
0.233333
0.300000
0.307693
0.285714
0.309524
0.325000
0.285714
0.346154
0.307693
0.340000
0.421052
0.191666
0.333334
0.318182
0.283334
0.326087
0.327586
0.295455
0.304348
0.275000
0.333334
0.257143
0.351852
0.328572
0.395834
0.319445
0.339286
0.307693
0.386363
0.369565
0.388889
0.366667
0.388889
0.352941
0.333334
0.312500
0.375000
0.320000
0.243750
0.291666
0.328948
0.328125
0.363637
0.316666
0.364865
0.365385
0.333334
0.342106
0.315790
0.325000
0.357143
0.291666
0.333334
0.188462
0.312500
0.358974
0.350000
0.368421
0.322580
0.333334
0.305555
0.339286
0.345238
0.350000
0.357143
0.328572
0.250000
0.308824
0.321429
0.318182
0.425926
0.266667
0.224325
0.247826
0.340000
0.257143
0.321429
0.333334
0.302631
0.257143
0.327586
0.333334
0.220513
0.285714
0.238709
0.247826
0.281250
0.313793
0.293103
0.222580
0.343750
0.240000
0.347826
0.246154
0.244444
0.257143
0.333334
0.240000
0.333334
0.333334
0.321429
0.243750
0.240425
0.264706
0.233333
0.233333
0.266667
0.300000
0.223530
0.292857
0.285714
