0.773357
0.825015
0.768257
0.86551
0.775172
0.776694
0.822362
0.878162
0.881497
0.837295
0.844649
0.906263
0.882733
0.887218
0.756696
0.760928
0.795802
0.822232
0.876993
0.892087
0.921282
0.823568
0.824981
0.70432
0.711937
0.857693
0.887801
0.706707
0.831475
0.832298
0.891528
0.897282
0.89974
0.904639
0.783173
0.858483
0.855346
0.823387
0.819951
0.808631
0.878369
0.878452
0.785143
0.805881
0.757304
0.726332
0.857908
0.787959
0.814212
0.896116
0.897277
0.898161
0.796909
0.788045
0.771764
0.807601
0.80885
0.888184
0.83319
0.914471
0.816866
0.825279
0.829897
0.881345
0.848276
0.746692
0.797491
0.765756
0.828112
0.868784
0.838651
0.742677
0.936374
0.897178
0.806328
0.753735
0.748632
0.776038
0.81064
0.881447
0.836852
0.862348
0.846484
0.834451
0.836822
0.871413
0.873951
0.880668
0.911564
0.878682
0.885572
0.752159
0.789054
0.811745
0.869919
0.822396
0.943493
0.815467
0.880341
0.881594
0.756898
0.785888
0.789002
0.86144
0.740834
0.842218
0.892032
0.893501
0.887716
0.888876
0.793731
0.8135
0.849557
0.911005
0.914278
0.90738
0.932054
0.899941
0.782667
0.791526
0.773641
0.780841
0.798129
0.795904
0.84752
0.848661
0.880001
0.748355
0.833491
0.854378
0.864153
0.865451
0.8907
0.868396
0.897082
0.81274
0.774113
0.77599
0.781764
0.810478
0.828419
0.843913
0.884468
0.866755
0.86901
0.937429
0.772291
0.775488
0.824155
0.787295
0.864469
0.87805
0.901104
0.913984
0.897916
0.808208
0.801746
0.840287
0.847168
0.848122
0.910247
0.90666
0.720265
0.773779
0.778857
0.780701
0.801649
0.847057
0.849506
0.827702
0.890721
0.867006
0.894646
0.897393
0.851268
0.87264
0.898527
0.846536
0.889358
0.866696
0.886269
0.907233
0.902042
0.792093
0.791452
0.83393
0.836613
0.846922
0.869489
0.860144
0.891318
0.825225
0.867614
0.895772
0.775299
0.813038
0.89401
0.887819
0.913364
0.791108
0.780971
0.833557
0.839008
0.920193
0.763737
0.889293
0.879314
0.873591
0.899006
0.843956
0.802999
0.821031
0.827004
0.860211
0.86178
0.888402
0.922712
0.824204
0.808288
0.824179
0.831983
0.831957
0.841955
0.872759
0.862086
0.911449
0.795567
0.808548
0.802778
0.804709
0.881677
0.934753
0.905966
0.766866
0.776601
0.760829
0.773822
0.830773
0.833837
0.834416
0.874291
0.901873
0.917107
0.947372
0.915566
0.831906
0.821891
0.813715
0.826369
0.834056
0.875741
0.880818
0.892308
0.772045
0.783863
0.827073
0.827876
0.846581
0.898313
0.832479
0.863714
0.852982
0.857511
0.865747
0.890489
0.780977
0.802889
0.786955
0.79891
0.814485
0.827107
0.828292
0.853609
0.871641
0.891172
0.936476
0.889296
0.932053
0.771268
0.762479
0.788428
0.808118
0.808984
0.819982
0.850441
0.846522
0.794749
0.895264
0.88168
0.927168
0.905818
0.920421
0.846882
0.918792
0.913351
0.79978
0.856597
0.885214
0.918108
0.802786
0.819757
0.871344
0.867837
0.875217
0.863882
0.926673
0.820998
0.857892
0.847691
0.883089
0.904327
0.895844
0.929052
0.87579
0.928683
0.942969
0.775698
0.818934
0.815422
0.841363
0.884553
0.883354
0.890939
0.898132
0.931376
0.923113
0.794071
0.855403
0.861271
0.872893
0.862794
0.903884
0.894848
0.924512
0.783277
0.831417
0.773427
0.813433
0.870914
0.940501
0.782154
0.795054
0.821923
0.803415
0.818581
0.818829
0.831154
0.813878
0.83162
0.849234
0.843485
0.862063
0.867077
0.874578
0.849248
0.906572
0.859134
0.942993
0.788193
0.80974
0.81254
0.829185
0.852751
0.894151
0.926421
0.853245
0.890854
0.891184
0.913041
0.792789
0.840607
0.854841
0.890124
0.876644
0.778864
0.779689
