0.250000
0.250000
0.250000
0.250000
0.250000
0.250000
0.250000
0.250000
0.250000
0.250000
0.250000
0.333334
0.250000
0.250000
0.250000
0.250000
0.333334
0.250000
0.250000
0.250000
0.300000
0.250000
0.250000
0.150000
0.150000
0.250000
0.250000
0.150000
0.250000
0.250000
0.285714
0.250000
0.250000
0.250000
0.250000
0.300000
0.250000
0.166666
0.312500
0.250000
0.250000
0.200000
0.312500
0.400000
0.250000
0.166666
0.428571
0.250000
0.250000
0.318182
0.307693
0.277778
0.300000
0.272728
0.250000
0.250000
0.250000
0.388889
0.250000
0.300000
0.294118
0.250000
0.250000
0.375000
0.289473
0.250000
0.333334
0.250000
0.285714
0.333334
0.250000
0.150000
0.375000
0.250000
0.285714
0.250000
0.166666
0.166666
0.250000
0.285714
0.250000
0.250000
0.333334
0.250000
0.250000
0.250000
0.250000
0.250000
0.291666
0.282609
0.250000
0.166666
0.250000
0.250000
0.375000
0.250000
0.375000
0.280000
0.250000
0.250000
0.250000
0.250000
0.250000
0.350000
0.150000
0.250000
0.285714
0.277778
0.250000
0.250000
0.250000
0.250000
0.250000
0.375000
0.333334
0.277778
0.333334
0.250000
0.333334
0.333334
0.250000
0.250000
0.277778
0.250000
0.250000
0.250000
0.200000
0.250000
0.291666
0.333334
0.300000
0.300000
0.333334
0.250000
0.250000
0.388889
0.285714
0.250000
0.250000
0.312500
0.307693
0.300000
0.333334
0.277778
0.250000
0.357143
0.318182
0.263158
0.363637
0.250000
0.333334
0.312500
0.312500
0.350000
0.250000
0.346154
0.300000
0.285714
0.300000
0.281250
0.312500
0.300000
0.166666
0.285714
0.277778
0.272728
0.321429
0.333334
0.277778
0.214286
0.312500
0.250000
0.312500
0.285714
0.307693
0.250000
0.250000
0.312500
0.375000
0.275000
0.291666
0.315790
0.300000
0.333334
0.281250
0.300000
0.300000
0.309524
0.343750
0.250000
0.285714
0.363637
0.250000
0.300000
0.266667
0.333334
0.346154
0.281250
0.333334
0.325000
0.269231
0.307693
0.277778
0.400000
0.250000
0.354166
0.300000
0.282609
0.320000
0.300000
0.291666
0.333334
0.312500
0.346154
0.321429
0.333334
0.340000
0.428571
0.296296
0.333334
0.339286
0.312500
0.318182
0.350000
0.275000
0.312500
0.375000
0.285714
0.264706
0.250000
0.318182
0.388889
0.300000
0.308824
0.316666
0.272728
0.250000
0.307693
0.312500
0.307693
0.293103
0.307693
0.291666
0.363637
0.277778
0.388889
0.333334
0.294118
0.300000
0.305555
0.343750
0.350000
0.300000
0.285714
0.305555
0.312500
0.294118
0.272728
0.388889
0.342106
0.333334
0.289473
0.288462
0.300000
0.343750
0.318182
0.363637
0.307693
0.285714
0.309524
0.325000
0.285714
0.346154
0.333334
0.340000
0.421052
0.285714
0.333334
0.318182
0.283334
0.326087
0.327586
0.295455
0.304348
0.346154
0.333334
0.333334
0.365385
0.328572
0.395834
0.319445
0.339286
0.307693
0.386363
0.369565
0.388889
0.366667
0.388889
0.352941
0.333334
0.312500
0.375000
0.320000
0.323530
0.291666
0.328948
0.328125
0.363637
0.316666
0.364865
0.365385
0.333334
0.342106
0.315790
0.325000
0.357143
0.291666
0.333334
0.282609
0.312500
0.358974
0.350000
0.368421
0.322580
0.333334
0.305555
0.339286
0.345238
0.350000
0.357143
0.328572
0.333334
0.308824
0.321429
0.318182
0.425926
0.266667
0.285714
0.324325
0.347826
0.314285
0.340000
0.357143
0.307693
0.333334
0.327586
0.357143
0.302631
0.315790
0.320513
0.285714
0.329268
0.338709
0.347826
0.281250
0.413793
0.288462
0.352941
0.322580
0.343750
0.340000
0.347826
0.333334
0.344444
0.357143
0.321429
0.340000
0.333334
0.333334
0.315790
0.321429
0.343750
0.340425
0.264706
0.333334
0.333334
