0.773357
0.825015
0.768257
0.865510
0.775172
0.776694
0.822362
0.878162
0.881497
0.837295
0.844649
0.906263
0.882733
0.887218
0.756696
0.760928
0.795802
0.822232
0.876993
0.892087
0.921282
0.823568
0.824981
0.704320
0.711937
0.857693
0.887769
0.706707
0.831475
0.832298
0.891528
0.897282
0.899708
0.902293
0.783173
0.858483
0.855346
0.823387
0.819951
0.808631
0.878369
0.878452
0.785143
0.805881
0.757304
0.726332
0.857908
0.787959
0.814212
0.896116
0.897277
0.898161
0.796909
0.788045
0.771764
0.807601
0.808850
0.888184
0.833152
0.914471
0.816866
0.825279
0.829897
0.881345
0.848276
0.746692
0.797491
0.666878
0.828112
0.868784
0.838363
0.836614
0.897178
0.806328
0.753735
0.748632
0.709378
0.710646
0.781428
0.836852
0.762348
0.846484
0.834451
0.736822
0.771413
0.773951
0.780668
0.811564
0.878682
0.785572
0.752159
0.689038
0.711745
0.769919
0.823956
0.843493
0.815227
0.778928
0.781562
0.756905
0.685888
0.689002
0.761440
0.740834
0.742218
0.792020
0.793501
0.887716
0.789196
0.793731
0.713500
0.749557
0.811005
0.814278
0.907380
0.832246
0.900133
0.782667
0.691526
0.773641
0.680841
0.698129
0.715904
0.747520
0.748661
0.780001
0.749371
0.733491
0.754186
0.764425
0.767062
0.790700
0.867060
0.796746
0.812740
0.774113
0.675990
0.681764
0.711914
0.728419
0.784468
0.766755
0.869042
0.837429
0.772291
0.775824
0.724155
0.687375
0.764469
0.778050
0.801104
0.813984
0.897916
0.808208
0.801746
0.740287
0.747168
0.748122
0.810208
0.807874
0.720265
0.773779
0.678857
0.680701
0.701649
0.747057
0.750446
0.826561
0.790683
0.766967
0.794569
0.797393
0.851268
0.886926
0.798527
0.846536
0.889358
0.766696
0.886269
0.807233
0.803407
0.792093
0.791452
0.733930
0.736613
0.746922
0.773241
0.760144
0.790444
0.781030
0.891318
0.825225
0.778725
0.895772
0.775248
0.799821
0.813038
0.794010
0.887819
0.813364
0.691108
0.780971
0.833196
0.839008
0.810193
0.817992
0.763737
0.789293
0.879314
0.773591
0.799006
0.744084
0.802999
0.821143
0.827004
0.860211
0.861768
0.788389
0.822712
0.823948
0.808288
0.824179
0.831983
0.831918
0.841865
0.866073
0.762054
0.811449
0.795711
0.708548
0.801429
0.813800
0.881677
0.834753
0.805966
0.666834
0.676729
0.760829
0.781495
0.830773
0.842170
0.834595
0.874291
0.903796
0.815762
0.845946
0.731954
0.721891
0.814706
0.826529
0.834056
0.875741
0.882308
0.794530
0.772045
0.783844
0.827073
0.830229
0.857458
0.832479
0.863714
0.755355
0.856114
0.864373
0.790633
0.688560
0.717697
0.785593
0.798910
0.814485
0.827107
0.828292
0.853609
0.861384
0.891133
0.936476
0.791677
0.932053
0.771268
0.762467
0.688460
0.709355
0.808866
0.720209
0.761947
0.846522
0.701620
0.889832
0.881660
0.927168
0.905818
0.920402
0.846882
0.918792
0.813431
0.700052
0.856597
0.885214
0.918108
0.703215
0.818699
0.871344
0.867639
0.783417
0.763914
0.926673
0.721046
0.857892
0.846454
0.883089
0.904295
0.895844
0.929052
0.875790
0.928683
0.842985
0.775698
0.818934
0.717795
0.841363
0.884515
0.882098
0.890939
0.898132
0.931376
0.922601
0.794071
0.855403
0.861207
0.872873
0.764082
0.810198
0.894848
0.924512
0.783277
0.831417
0.773427
0.770882
0.840613
0.791506
0.721923
0.708846
0.816280
0.708816
0.731154
0.721261
0.738324
0.749234
0.739857
0.764763
0.772815
0.848562
0.806572
0.860971
0.790433
0.809740
0.812540
0.829185
0.757896
0.790616
0.826421
0.758007
0.790854
0.891184
0.913041
0.840607
0.853733
0.890252
0.876596
0.778864
0.779689
0.826729
0.829399
0.840112
0.788011
0.768238
